# Created by Octave 8.2.0, Sun Jun 25 11:54:41 2023 GMT <unknown@Envy_x360>
# name: concentrations
# type: double_range
# base, limit, increment
0 1000 1


# name: absfit
# type: matrix
# rows: 1
# columns: 1001
 1.2966299644202561 1.2986524837809872 1.300674692047189 1.3026965876980743 1.3047181692128564 1.3067394350707489 1.3087603837509643 1.3107810137327158 1.3128013234952172 1.3148213115176812 1.316840976279321 1.31886031625935 1.320879329936981 1.3228980157914274 1.3249163723019022 1.3269343979476189 1.3289520912077903 1.3309694505616299 1.3329864744883506 1.3350031614671658 1.3370195099772884 1.3390355184979317 1.3410511855083089 1.3430665094876331 1.3450814889151177 1.3470961222699753 1.3491104080314198 1.3511243446786638 1.3531379306909208 1.3551511645474037 1.3571640447273259 1.3591765697099005 1.3611887379743406 1.3632005479998595 1.3652119982656701 1.3672230872509858 1.3692338134350199 1.3712441752969853 1.3732541713160953 1.3752637999715629 1.3772730597426013 1.3792819491084238 1.3812904665482437 1.3832986105412739 1.3853063795667278 1.3873137721038182 1.3893207866317585 1.391327421629762 1.3933336755770416 1.3953395469528107 1.3973450342362823 1.3993501359066696 1.4013548504431859 1.4033591763250441 1.4053631120314578 1.4073666560416398 1.4093698068348033 1.4113725628901617 1.4133749226869277 1.4153768847043149 1.4173784474215365 1.4193796093178055 1.4213803688723348 1.4233807245643382 1.4253806748730282 1.4273802182776185 1.429379353257322 1.4313780782913519 1.4333763918589213 1.4353742924392434 1.4373717785115316 1.4393688485549989 1.4413655010488584 1.4433617344723233 1.4453575473046067 1.4473529380249219 1.449347905112482 1.4513424470465004 1.4533365623061898 1.4553302493707638 1.4573235067194354 1.4593163328314178 1.4613087261859239 1.4633006852621673 1.4652922085393609 1.467283294496718 1.4692739416134515 1.4712641483687749 1.4732539132419014 1.4752432347120439 1.4772321112584155 1.4792205413602297 1.4812085234966994 1.4831960561470381 1.4851831377904585 1.4871697669061741 1.489155941973398 1.4911416614713433 1.4931269238792233 1.4951117276762509 1.4970960713416397 1.4990799533546024 1.5010633721943525 1.503046326340103 1.5050288142710673 1.5070108344664581 1.508992385405489 1.510973465567373 1.5129540734313234 1.5149342074765531 1.5169138661822754 1.5188930480277036 1.5208717514920509 1.5228499750545301 1.5248277171943547 1.5268049763907376 1.5287817511228925 1.5307580398700318 1.5327338411113693 1.5347091533261179 1.5366839749934909 1.5386583045927011 1.5406321406029622 1.5426054815034869 1.5445783257734886 1.5465506718921807 1.5485225183387759 1.5504938635924874 1.552464706132529 1.554435044438113 1.5564048769884531 1.5583742022627625 1.5603430187402541 1.5623113249001412 1.564279119221637 1.5662464001839544 1.568213166266307 1.5701794159479077 1.5721451477079695 1.5741103600257063 1.5760750513803303 1.5780392202510554 1.5800028651170943 1.5819659844576603 1.5839285767519669 1.5858906404792268 1.5878521741186535 1.5898131761494598 1.5917736450508593 1.5937335793020651 1.5956929773822899 1.5976518377707474 1.5996101589466505 1.6015679393892124 1.6035251775776465 1.6054818719911657 1.6074380211089832 1.6093936234103121 1.6113486773743657 1.6133031814803573 1.6152571342074999 1.6172105340350065 1.6191633794420905 1.6211156689079651 1.6230674009118433 1.6250185739329384 1.6269691864504636 1.6289192369436318 1.6308687238916566 1.6328176457737507 1.6347660010691276 1.6367137882570002 1.638661005816582 1.6406076522270858 1.6425537259677252 1.6444992255177131 1.6464441493562625 1.648388495962587 1.6503322638158993 1.652275451395413 1.6542180571803409 1.6561600796498963 1.6581015172832925 1.6600423685597425 1.6619826319584596 1.663922305958657 1.6658613890395477 1.6677998796803448 1.6697377763602619 1.6716750775585116 1.6736117817543075 1.6755478874268626 1.6774833930553898 1.679418297119103 1.6813525980972146 1.6832862944689382 1.6852193847134869 1.6871518673100736 1.6890837407379118 1.6910150034762146 1.6929456540041952 1.6948756908010663 1.6968051123460417 1.6987339171183344 1.7006621035971574 1.702589670261724 1.7045166155912472 1.7064429380649406 1.708368636162017 1.7102937083616894 1.7122181531431713 1.7141419689856756 1.7160651543684158 1.7179877077706049 1.7199096276714561 1.7218309125501825 1.7237515608859972 1.7256715711581136 1.7275909418457447 1.7295096714281037 1.7314277583844038 1.7333452011938582 1.7352619983356798 1.737178148289082 1.7390936495332783 1.7410085005474811 1.7429226998109042 1.7448362458027604 1.7467491370022632 1.7486613718886255 1.7505729489410604 1.7524838666387814 1.7543941234610014 1.7563037178869336 1.7582126483957914 1.7601209134667877 1.7620285115791356 1.7639354412120487 1.7658417008447396 1.7677472889564221 1.7696522040263087 1.7715564445336132 1.7734600089575481 1.7753628957773273 1.7772651034721634 1.7791666305212699 1.7810674754038596 1.782967636599146 1.7848671125863422 1.7867659018446613 1.7886640028533165 1.7905614140915209 1.792458134038488 1.7943541611734304 1.7962494939755618 1.7981441309240951 1.8000380704982435 1.8019313111772202 1.8038238514402383 1.805715689766511 1.8076068246352515 1.8094972545256729 1.8113869779169884 1.8132759932884113 1.8151642991191546 1.8170518938884315 1.8189387760754552 1.8208249441594389 1.8227103966195957 1.8245951319351388 1.8264791485852814 1.8283624450492364 1.8302450198062172 1.8321268713354373 1.834007998116109 1.8358883986274463 1.8377680713486622 1.8396470147589696 1.8415252273375819 1.8434027075637121 1.8452794539165733 1.847155464875379 1.8490307389193421 1.8509052745276757 1.8527790701795934 1.8546521243543079 1.8565244355310324 1.8583960021889805 1.8602668228073651 1.862136895865399 1.864006219842296 1.8658747932172688 1.8677426144695308 1.8696096820782953 1.871475994522775 1.8733415502821833 1.8752063478357337 1.877070385662639 1.8789336622421122 1.8807961760533671 1.8826579255756162 1.8845189092880732 1.8863791256699509 1.8882385732004625 1.8900972503588214 1.8919551556242404 1.8938122874759333 1.8956686443931126 1.8975242248549917 1.899379027340784 1.9012330503297021 1.9030862923009599 1.9049387517337699 1.9067904271073459 1.9086413169009004 1.9104914195936473 1.9123407336647991 1.9141892575935693 1.9160369898591709 1.9178839289408174 1.9197300733177216 1.9215754214690968 1.9234199718741563 1.925263723012113 1.92710667336218 1.928948821403571 1.9307901656154989 1.9326307044771767 1.9344704364678176 1.936309360066635 1.9381474737528417 1.9399847760056512 1.9418212653042768 1.9436569401279311 1.9454917989558278 1.9473258402671796 1.9491590625412001 1.9509914642571022 1.9528230438940994 1.9546537999314044 1.9564837308482308 1.9583128351237913 1.9601411112372995 1.9619685576679684 1.9637951728950109 1.9656209553976409 1.9674459036550709 1.9692700161465142 1.9710932913511838 1.9729157277482936 1.974737323817056 1.9765580780366845 1.9783779888863922 1.9801970548453922 1.9820152743928978 1.9838326460081221 1.9856491681702786 1.9874648393585796 1.9892796580522392 1.9910936227304701 1.9929067318724853 1.9947189839574986 1.9965303774647225 1.9983409108733707 2.000150582662656 2.0019593913117917 2.0037673352999907 2.0055744131064666 2.0073806232104325 2.0091859640911016 2.0109904342276863 2.0127940320994009 2.0145967561854583 2.0163986049650711 2.0181995769174526 2.0199996705218162 2.0217988842573753 2.0235972166033429 2.0253946660389319 2.0271912310433553 2.0289869100958269 2.0307817016755596 2.0325756042617669 2.0343686163336612 2.0361607363704559 2.0379519628513645 2.0397422942556003 2.0415317290623758 2.0433202657509049 2.0451079028004 2.046894638690075 2.0486804718991425 2.0504654009068162 2.0522494241923086 2.0540325402348336 2.0558147475136037 2.0575960445078327 2.0593764296967336 2.0611559015595189 2.0629344585754028 2.0647120992235974 2.0664888219833166 2.0682646253337738 2.0700395077541813 2.0718134677237532 2.0735865037217018 2.0753586142272407 2.0771297977195831 2.078900052677942 2.0806693775815308 2.0824377709095625 2.0842052311412504 